0.2977053 1.076856 -0.2960072 0.8301666 -0.5348033
-0.9077816 0.9863698 0.2125411 1.049768 0.7393567
1.590718 -0.5350312 -0.7139602 -0.1624537 0.7600634
0.9142943 0.1915089 1.195069 -0.5008106 -0.858876
0.1260267 -0.2719267 4.003078 0.1126101 -0.04119538
-0.224988 -0.2781309 -0.02388813 0.1114798 -0.9139517
-0.359887 -1.712675 0.5172476 0.5484221 0.2501794
-1.418092 -0.9075848 -0.1112792 -1.05402 0.615728
0.6408225 0.5502733 -0.117364 0.2410184 4.517953
0.06077655 -0.1938466 -0.1745779 -0.2315819 0.08616418
0.9980542 -0.1077627 0.7994774 -0.5465063 -0.7393206
0.8673742 0.2339689 0.3380689 -0.03659819 0.4446253
1.072464 -0.8438666 -0.1023048
